24
7 2 🤖 格林不 10 50 10 5 5
3 6 🤖 格林不 10 50 10 5 5
1 4 🤖 格林不 10 50 10 5 5
4 6 🤖 格林不 10 50 10 5 5
1 8 🤖 格林不 10 50 10 5 5
8 7 🤖 格林不 10 50 10 5 5
4 7 🤖 格林不 10 50 10 5 5
0 9 🤖 格林不 10 50 10 5 5
4 8 🤖 格林不 10 50 10 5 5
0 2 🤖 格林不 10 50 10 5 5
5 3 🤖 格林不 10 50 10 5 5
3 4 🤖 格林不 10 50 10 5 5
9 8 💀 骨头骑士 30 100 20 10 15
4 3 💀 骨头骑士 30 100 20 10 15
6 3 💀 骨头骑士 30 100 20 10 15
7 1 💀 骨头骑士 30 100 20 10 15
5 4 💀 骨头骑士 30 100 20 10 15
8 8 💀 骨头骑士 30 100 20 10 15
6 1 💀 骨头骑士 30 100 20 10 15
4 4 💀 骨头骑士 30 100 20 10 15
8 6 👹 龙王 50 200 50 40 50
5 2 👹 龙王 50 200 50 40 50
6 5 👹 龙王 50 200 50 40 50
1 1 👹 龙王 50 200 50 40 50
